G = 10;
R = 15;
P = 18;
B = 0.7;
Y = 0.5;

M = 0.05;

F = 0.6;
W = 0.01;

V1 = 2;